Array: 
0 1 3 4 6 6 8 9 11 12 15 19 19 20 20 
21 21 23 23 23 24 24 25 25 25 26 28 28 28 29 
30 31 32 33 34 35 36 37 37 38 39 40 40 41 42 
42 43 43 45 45 47 49 50 53 53 54 55 56 57 58 
58 59 59 61 65 65 66 67 68 70 71 71 72 73 73 
74 74 75 77 77 78 79 79 80 83 84 85 87 88 89 
32703 32704 32705 32706 32706 32707 32707 32708 32709 32711 32711 32713 32715 32715 32716 
32717 32718 32718 32719 32719 32720 32721 32724 32726 32727 32727 32728 32729 32733 32735 
32735 32736 32736 32737 32737 32737 32737 32738 32739 32742 32744 32745 32747 32747 32748 
32748 32749 32751 32756 32756 32757 32759 32759 32759 32762 32763 32764 32764 32764 32765 
Number to find: 32765
Bynary search time: 1 ms
Cycle search time: 1 ms
