 Длина массива n: 500
Массив:
 -84   9   4  64 -60 -19  92  63   4  59
 -72  -7  86 -36  42 -66 -28 -65 -70 -90
 -89  15 -45 -74 -34  76 -89 -90  44 -76
 -80  96  14  -5  65  19  91 -95  36 -62
  20 -53   5 -33 -27 -84   6  83 -91   6
  60 -78  -5  67 -29 -46  17 -71 -26  53
 -26  62 -39  64 -74 -17 -86   3  29  -9
  53 -47 -27 -25 -33 -38  67 -87  45 -48
  80  33  47  70  -1  62  47 -96  98  93
 -66  -9 -78  55   1  91  15 -20  87  54
 -44 -72 -65  86 -41  77 -97  35 -16  97
 -48  -5 -57   2  17  58 -21 -41 -40 -34
  17 -32  24 -78  41 -95  64   0 -33 -13
   8 -99  48 -53  10  16  35 -17 -82  67
 -21  94  45   5 -54  96  83  38  96  -2
  23 -91   4 -53 -11 -97 -77  59  38 -79
  -9  99  14 -41 -47 -39  38  22 -55  85
  66 -81 -83 -96 -18  45  -7  59 -91  18
  54  28 -93  28  54  85 -45 -90 -97  37
  75 -84  86 -92  23  62 -75  25 -93  -7
  56 -35 -51 -54 -67   5 -54  13 -53  -4
 -96 -75  28 -56  19 -67  45  -2  68 -98
  53 -88  31 -14  44  -2  36  96  -1 -61
  41  49 -71  73 -50  51 -92  -9  24  11
  -8 -62  26  40 -29 -14   1 -42  82  63
 -81 -39 -42  -5 -78  66 -85  18   6 -65
  77  15  64 -51 -52  16   4  25  25  30
   2 -88  41 -19  52  -4 -62 -29 -44  16
  60  87 -84 -11 -62  79 -67  -2 -64 -57
 -37  72 -96 -90  97  55 -48 -37  -7  13
  45 -32 -73 -12 -74  14  71  46  98 -70
 -44 -13 -68 -66  82 -29  24 -70  46 -76
  70 -59 -43  22  -1 -73  58  -3   5 -87
 -84 -89   0  31 -49 -81 -26 -12  58 -71
 -46 -65 -31  87   9  69  59  83 -15 -34
 -89 -42   3  45  18  16 -46  10-100 -56
 -36  58  53  71  97  90 -14 -47  98  15
 -68 -60  19 -62 -69  67 -44 -86 -34  85
 -68 -21   6 -86  47 -19  60 -27 -61 -48
 -56  32 -91 -81-100  29 -15  26  48 -95
 -95 -32 -33 -10 -83   4 -22 -15 -68  88
 -93  56  18  71 -19 -56   3 -96  10 -66
  24  56  37  37   7 -90   1  40 -49  -3
  81  64  60 -50 -54 -88  71 -92   6  31
 -14  36   2  29  67  92 -22 -94  63  -5
 -20 -76  -7  34 -38 -33 -13 -22  52  49
  60  77 -35  86 -86  89 -59  58 -14 -29
 -49 -66 -42 -32 -13  93  78 -30 -89 -10
  42   0 -70  20  -1  47 -31  37  32  -8
  61 -80 -89 -86  76  99 -20 -54   0-100



 Сортировки: 
	Сортировка массива пузырьком: 
-100-100-100 -99 -98 -97 -97 -97 -96 -96
 -96 -96 -96 -95 -95 -95 -95 -94 -93 -93
 -93 -92 -92 -92 -91 -91 -91 -91 -90 -90
 -90 -90 -90 -89 -89 -89 -89 -89 -89 -88
 -88 -88 -87 -87 -86 -86 -86 -86 -86 -85
 -84 -84 -84 -84 -84 -83 -83 -82 -81 -81
 -81 -81 -80 -80 -79 -78 -78 -78 -78 -77
 -76 -76 -76 -75 -75 -74 -74 -74 -73 -73
 -72 -72 -71 -71 -71 -70 -70 -70 -70 -69
 -68 -68 -68 -68 -67 -67 -67 -66 -66 -66
 -66 -66 -65 -65 -65 -65 -64 -62 -62 -62
 -62 -62 -61 -61 -60 -60 -59 -59 -57 -57
 -56 -56 -56 -56 -55 -54 -54 -54 -54 -54
 -53 -53 -53 -53 -52 -51 -51 -50 -50 -49
 -49 -49 -48 -48 -48 -48 -47 -47 -47 -46
 -46 -46 -45 -45 -44 -44 -44 -44 -43 -42
 -42 -42 -42 -41 -41 -41 -40 -39 -39 -39
 -38 -38 -37 -37 -36 -36 -35 -35 -34 -34
 -34 -34 -33 -33 -33 -33 -33 -32 -32 -32
 -32 -31 -31 -30 -29 -29 -29 -29 -29 -28
 -27 -27 -27 -26 -26 -26 -25 -22 -22 -22
 -21 -21 -21 -20 -20 -20 -19 -19 -19 -19
 -18 -17 -17 -16 -15 -15 -15 -14 -14 -14
 -14 -14 -13 -13 -13 -13 -12 -12 -11 -11
 -10 -10  -9  -9  -9  -9  -8  -8  -7  -7
  -7  -7  -7  -5  -5  -5  -5  -5  -4  -4
  -3  -3  -2  -2  -2  -2  -1  -1  -1  -1
   0   0   0   0   1   1   1   2   2   2
   3   3   3   4   4   4   4   4   5   5
   5   5   6   6   6   6   6   7   8   9
   9  10  10  10  11  13  13  14  14  14
  15  15  15  15  16  16  16  16  17  17
  17  18  18  18  18  19  19  19  20  20
  22  22  23  23  24  24  24  24  25  25
  25  26  26  28  28  28  29  29  29  30
  31  31  31  32  32  33  34  35  35  36
  36  36  37  37  37  37  38  38  38  40
  40  41  41  41  42  42  44  44  45  45
  45  45  45  45  46  46  47  47  47  47
  48  48  49  49  51  52  52  53  53  53
  53  54  54  54  55  55  56  56  56  58
  58  58  58  58  59  59  59  59  60  60
  60  60  60  61  62  62  62  63  63  63
  64  64  64  64  64  65  66  66  67  67
  67  67  67  68  69  70  70  71  71  71
  71  72  73  75  76  76  77  77  77  78
  79  80  81  82  82  83  83  83  85  85
  85  86  86  86  86  87  87  87  88  89
  90  91  91  92  92  93  93  94  96  96
  96  96  97  97  97  98  98  98  99  99

	Сортировка массива выбором: 
-100-100-100 -99 -98 -97 -97 -97 -96 -96
 -96 -96 -96 -95 -95 -95 -95 -94 -93 -93
 -93 -92 -92 -92 -91 -91 -91 -91 -90 -90
 -90 -90 -90 -89 -89 -89 -89 -89 -89 -88
 -88 -88 -87 -87 -86 -86 -86 -86 -86 -85
 -84 -84 -84 -84 -84 -83 -83 -82 -81 -81
 -81 -81 -80 -80 -79 -78 -78 -78 -78 -77
 -76 -76 -76 -75 -75 -74 -74 -74 -73 -73
 -72 -72 -71 -71 -71 -70 -70 -70 -70 -69
 -68 -68 -68 -68 -67 -67 -67 -66 -66 -66
 -66 -66 -65 -65 -65 -65 -64 -62 -62 -62
 -62 -62 -61 -61 -60 -60 -59 -59 -57 -57
 -56 -56 -56 -56 -55 -54 -54 -54 -54 -54
 -53 -53 -53 -53 -52 -51 -51 -50 -50 -49
 -49 -49 -48 -48 -48 -48 -47 -47 -47 -46
 -46 -46 -45 -45 -44 -44 -44 -44 -43 -42
 -42 -42 -42 -41 -41 -41 -40 -39 -39 -39
 -38 -38 -37 -37 -36 -36 -35 -35 -34 -34
 -34 -34 -33 -33 -33 -33 -33 -32 -32 -32
 -32 -31 -31 -30 -29 -29 -29 -29 -29 -28
 -27 -27 -27 -26 -26 -26 -25 -22 -22 -22
 -21 -21 -21 -20 -20 -20 -19 -19 -19 -19
 -18 -17 -17 -16 -15 -15 -15 -14 -14 -14
 -14 -14 -13 -13 -13 -13 -12 -12 -11 -11
 -10 -10  -9  -9  -9  -9  -8  -8  -7  -7
  -7  -7  -7  -5  -5  -5  -5  -5  -4  -4
  -3  -3  -2  -2  -2  -2  -1  -1  -1  -1
   0   0   0   0   1   1   1   2   2   2
   3   3   3   4   4   4   4   4   5   5
   5   5   6   6   6   6   6   7   8   9
   9  10  10  10  11  13  13  14  14  14
  15  15  15  15  16  16  16  16  17  17
  17  18  18  18  18  19  19  19  20  20
  22  22  23  23  24  24  24  24  25  25
  25  26  26  28  28  28  29  29  29  30
  31  31  31  32  32  33  34  35  35  36
  36  36  37  37  37  37  38  38  38  40
  40  41  41  41  42  42  44  44  45  45
  45  45  45  45  46  46  47  47  47  47
  48  48  49  49  51  52  52  53  53  53
  53  54  54  54  55  55  56  56  56  58
  58  58  58  58  59  59  59  59  60  60
  60  60  60  61  62  62  62  63  63  63
  64  64  64  64  64  65  66  66  67  67
  67  67  67  68  69  70  70  71  71  71
  71  72  73  75  76  76  77  77  77  78
  79  80  81  82  82  83  83  83  85  85
  85  86  86  86  86  87  87  87  88  89
  90  91  91  92  92  93  93  94  96  96
  96  96  97  97  97  98  98  98  99  99

	Сортировка массива вставками:
-100-100-100 -99 -98 -97 -97 -97 -96 -96
 -96 -96 -96 -95 -95 -95 -95 -94 -93 -93
 -93 -92 -92 -92 -91 -91 -91 -91 -90 -90
 -90 -90 -90 -89 -89 -89 -89 -89 -89 -88
 -88 -88 -87 -87 -86 -86 -86 -86 -86 -85
 -84 -84 -84 -84 -84 -83 -83 -82 -81 -81
 -81 -81 -80 -80 -79 -78 -78 -78 -78 -77
 -76 -76 -76 -75 -75 -74 -74 -74 -73 -73
 -72 -72 -71 -71 -71 -70 -70 -70 -70 -69
 -68 -68 -68 -68 -67 -67 -67 -66 -66 -66
 -66 -66 -65 -65 -65 -65 -64 -62 -62 -62
 -62 -62 -61 -61 -60 -60 -59 -59 -57 -57
 -56 -56 -56 -56 -55 -54 -54 -54 -54 -54
 -53 -53 -53 -53 -52 -51 -51 -50 -50 -49
 -49 -49 -48 -48 -48 -48 -47 -47 -47 -46
 -46 -46 -45 -45 -44 -44 -44 -44 -43 -42
 -42 -42 -42 -41 -41 -41 -40 -39 -39 -39
 -38 -38 -37 -37 -36 -36 -35 -35 -34 -34
 -34 -34 -33 -33 -33 -33 -33 -32 -32 -32
 -32 -31 -31 -30 -29 -29 -29 -29 -29 -28
 -27 -27 -27 -26 -26 -26 -25 -22 -22 -22
 -21 -21 -21 -20 -20 -20 -19 -19 -19 -19
 -18 -17 -17 -16 -15 -15 -15 -14 -14 -14
 -14 -14 -13 -13 -13 -13 -12 -12 -11 -11
 -10 -10  -9  -9  -9  -9  -8  -8  -7  -7
  -7  -7  -7  -5  -5  -5  -5  -5  -4  -4
  -3  -3  -2  -2  -2  -2  -1  -1  -1  -1
   0   0   0   0   1   1   1   2   2   2
   3   3   3   4   4   4   4   4   5   5
   5   5   6   6   6   6   6   7   8   9
   9  10  10  10  11  13  13  14  14  14
  15  15  15  15  16  16  16  16  17  17
  17  18  18  18  18  19  19  19  20  20
  22  22  23  23  24  24  24  24  25  25
  25  26  26  28  28  28  29  29  29  30
  31  31  31  32  32  33  34  35  35  36
  36  36  37  37  37  37  38  38  38  40
  40  41  41  41  42  42  44  44  45  45
  45  45  45  45  46  46  47  47  47  47
  48  48  49  49  51  52  52  53  53  53
  53  54  54  54  55  55  56  56  56  58
  58  58  58  58  59  59  59  59  60  60
  60  60  60  61  62  62  62  63  63  63
  64  64  64  64  64  65  66  66  67  67
  67  67  67  68  69  70  70  71  71  71
  71  72  73  75  76  76  77  77  77  78
  79  80  81  82  82  83  83  83  85  85
  85  86  86  86  86  87  87  87  88  89
  90  91  91  92  92  93  93  94  96  96
  96  96  97  97  97  98  98  98  99  99

	Быстрая сортировка :
-100-100-100 -99 -98 -97 -97 -97 -96 -96
 -96 -96 -96 -95 -95 -95 -95 -94 -93 -93
 -93 -92 -92 -92 -91 -91 -91 -91 -90 -90
 -90 -90 -90 -89 -89 -89 -89 -89 -89 -88
 -88 -88 -87 -87 -86 -86 -86 -86 -86 -85
 -84 -84 -84 -84 -84 -83 -83 -82 -81 -81
 -81 -81 -80 -80 -79 -78 -78 -78 -78 -77
 -76 -76 -76 -75 -75 -74 -74 -74 -73 -73
 -72 -72 -71 -71 -71 -70 -70 -70 -70 -69
 -68 -68 -68 -68 -67 -67 -67 -66 -66 -66
 -66 -66 -65 -65 -65 -65 -64 -62 -62 -62
 -62 -62 -61 -61 -60 -60 -59 -59 -57 -57
 -56 -56 -56 -56 -55 -54 -54 -54 -54 -54
 -53 -53 -53 -53 -52 -51 -51 -50 -50 -49
 -49 -49 -48 -48 -48 -48 -47 -47 -47 -46
 -46 -46 -45 -45 -44 -44 -44 -44 -43 -42
 -42 -42 -42 -41 -41 -41 -40 -39 -39 -39
 -38 -38 -37 -37 -36 -36 -35 -35 -34 -34
 -34 -34 -33 -33 -33 -33 -33 -32 -32 -32
 -32 -31 -31 -30 -29 -29 -29 -29 -29 -28
 -27 -27 -27 -26 -26 -26 -25 -22 -22 -22
 -21 -21 -21 -20 -20 -20 -19 -19 -19 -19
 -18 -17 -17 -16 -15 -15 -15 -14 -14 -14
 -14 -14 -13 -13 -13 -13 -12 -12 -11 -11
 -10 -10  -9  -9  -9  -9  -8  -8  -7  -7
  -7  -7  -7  -5  -5  -5  -5  -5  -4  -4
  -3  -3  -2  -2  -2  -2  -1  -1  -1  -1
   0   0   0   0   1   1   1   2   2   2
   3   3   3   4   4   4   4   4   5   5
   5   5   6   6   6   6   6   7   8   9
   9  10  10  10  11  13  13  14  14  14
  15  15  15  15  16  16  16  16  17  17
  17  18  18  18  18  19  19  19  20  20
  22  22  23  23  24  24  24  24  25  25
  25  26  26  28  28  28  29  29  29  30
  31  31  31  32  32  33  34  35  35  36
  36  36  37  37  37  37  38  38  38  40
  40  41  41  41  42  42  44  44  45  45
  45  45  45  45  46  46  47  47  47  47
  48  48  49  49  51  52  52  53  53  53
  53  54  54  54  55  55  56  56  56  58
  58  58  58  58  59  59  59  59  60  60
  60  60  60  61  62  62  62  63  63  63
  64  64  64  64  64  65  66  66  67  67
  67  67  67  68  69  70  70  71  71  71
  71  72  73  75  76  76  77  77  77  78
  79  80  81  82  82  83  83  83  85  85
  85  86  86  86  86  87  87  87  88  89
  90  91  91  92  92  93  93  94  96  96
  96  96  97  97  97  98  98  98  99  99

	Сортировка Шелла:
-100-100-100 -99 -98 -97 -97 -97 -96 -96
 -96 -96 -96 -95 -95 -95 -95 -94 -93 -93
 -93 -92 -92 -92 -91 -91 -91 -91 -90 -90
 -90 -90 -90 -89 -89 -89 -89 -89 -89 -88
 -88 -88 -87 -87 -86 -86 -86 -86 -86 -85
 -84 -84 -84 -84 -84 -83 -83 -82 -81 -81
 -81 -81 -80 -80 -79 -78 -78 -78 -78 -77
 -76 -76 -76 -75 -75 -74 -74 -74 -73 -73
 -72 -72 -71 -71 -71 -70 -70 -70 -70 -69
 -68 -68 -68 -68 -67 -67 -67 -66 -66 -66
 -66 -66 -65 -65 -65 -65 -64 -62 -62 -62
 -62 -62 -61 -61 -60 -60 -59 -59 -57 -57
 -56 -56 -56 -56 -55 -54 -54 -54 -54 -54
 -53 -53 -53 -53 -52 -51 -51 -50 -50 -49
 -49 -49 -48 -48 -48 -48 -47 -47 -47 -46
 -46 -46 -45 -45 -44 -44 -44 -44 -43 -42
 -42 -42 -42 -41 -41 -41 -40 -39 -39 -39
 -38 -38 -37 -37 -36 -36 -35 -35 -34 -34
 -34 -34 -33 -33 -33 -33 -33 -32 -32 -32
 -32 -31 -31 -30 -29 -29 -29 -29 -29 -28
 -27 -27 -27 -26 -26 -26 -25 -22 -22 -22
 -21 -21 -21 -20 -20 -20 -19 -19 -19 -19
 -18 -17 -17 -16 -15 -15 -15 -14 -14 -14
 -14 -14 -13 -13 -13 -13 -12 -12 -11 -11
 -10 -10  -9  -9  -9  -9  -8  -8  -7  -7
  -7  -7  -7  -5  -5  -5  -5  -5  -4  -4
  -3  -3  -2  -2  -2  -2  -1  -1  -1  -1
   0   0   0   0   1   1   1   2   2   2
   3   3   3   4   4   4   4   4   5   5
   5   5   6   6   6   6   6   7   8   9
   9  10  10  10  11  13  13  14  14  14
  15  15  15  15  16  16  16  16  17  17
  17  18  18  18  18  19  19  19  20  20
  22  22  23  23  24  24  24  24  25  25
  25  26  26  28  28  28  29  29  29  30
  31  31  31  32  32  33  34  35  35  36
  36  36  37  37  37  37  38  38  38  40
  40  41  41  41  42  42  44  44  45  45
  45  45  45  45  46  46  47  47  47  47
  48  48  49  49  51  52  52  53  53  53
  53  54  54  54  55  55  56  56  56  58
  58  58  58  58  59  59  59  59  60  60
  60  60  60  61  62  62  62  63  63  63
  64  64  64  64  64  65  66  66  67  67
  67  67  67  68  69  70  70  71  71  71
  71  72  73  75  76  76  77  77  77  78
  79  80  81  82  82  83  83  83  85  85
  85  86  86  86  86  87  87  87  88  89
  90  91  91  92  92  93  93  94  96  96
  96  96  97  97  97  98  98  98  99  99

Время работы Сортировки пузырьком = 1 млс
Время работы Сортировки выбором = 0 млс
Время работы Сортировки вставками = 0 млс
Время работы Быстрой сортировки = 0 млс
Время работы Сортировки Шелла = 0 млс
